. <- 10 -> .
=================================================
. <- 10 -> 20
. <- 20 -> .
=================================================
10 <- 20 -> 30
. <- 10 -> .
. <- 30 -> .
=================================================
10 <- 20 -> 30
. <- 10 -> .
. <- 30 -> 40
. <- 40 -> .
=================================================
10 <- 20 -> 40
. <- 10 -> .
30 <- 40 -> 50
. <- 30 -> .
. <- 50 -> .
=================================================
20 <- 40 -> 50
10 <- 20 -> 30
. <- 10 -> .
. <- 30 -> .
. <- 50 -> 60
. <- 60 -> .
=================================================
20 <- 40 -> 60
10 <- 20 -> 30
. <- 10 -> .
. <- 30 -> .
50 <- 60 -> 70
. <- 50 -> .
. <- 70 -> .
=================================================
20 <- 40 -> 60
10 <- 20 -> 30
. <- 10 -> .
. <- 30 -> .
50 <- 60 -> 70
. <- 50 -> .
. <- 70 -> 80
. <- 80 -> .
=================================================
20 <- 40 -> 60
10 <- 20 -> 30
. <- 10 -> .
. <- 30 -> .
50 <- 60 -> 80
. <- 50 -> .
70 <- 80 -> 90
. <- 70 -> .
. <- 90 -> .
=================================================
20 <- 40 -> 80
10 <- 20 -> 30
. <- 10 -> .
. <- 30 -> .
60 <- 80 -> 90
50 <- 60 -> 70
. <- 50 -> .
. <- 70 -> .
. <- 90 -> 100
. <- 100 -> .
=================================================
20 <- 40 -> 80
10 <- 20 -> 30
. <- 10 -> .
. <- 30 -> .
60 <- 80 -> 100
50 <- 60 -> 70
. <- 50 -> .
. <- 70 -> .
90 <- 100 -> 110
. <- 90 -> .
. <- 110 -> .
=================================================
40 <- 80 -> 100
20 <- 40 -> 60
10 <- 20 -> 30
. <- 10 -> .
. <- 30 -> .
50 <- 60 -> 70
. <- 50 -> .
. <- 70 -> .
90 <- 100 -> 110
. <- 90 -> .
. <- 110 -> 120
. <- 120 -> .
=================================================
40 <- 80 -> 100
20 <- 40 -> 60
10 <- 20 -> 30
. <- 10 -> .
. <- 30 -> .
50 <- 60 -> 70
. <- 50 -> .
. <- 70 -> .
90 <- 100 -> 120
. <- 90 -> .
110 <- 120 -> 130
. <- 110 -> .
. <- 130 -> .
=================================================
40 <- 80 -> 120
20 <- 40 -> 60
10 <- 20 -> 30
. <- 10 -> .
. <- 30 -> .
50 <- 60 -> 70
. <- 50 -> .
. <- 70 -> .
100 <- 120 -> 130
90 <- 100 -> 110
. <- 90 -> .
. <- 110 -> .
. <- 130 -> 140
. <- 140 -> .
=================================================
40 <- 80 -> 120
20 <- 40 -> 60
10 <- 20 -> 30
. <- 10 -> .
. <- 30 -> .
50 <- 60 -> 70
. <- 50 -> .
. <- 70 -> .
100 <- 120 -> 140
90 <- 100 -> 110
. <- 90 -> .
. <- 110 -> .
130 <- 140 -> 150
. <- 130 -> .
. <- 150 -> .
=================================================
40 <- 80 -> 120
20 <- 40 -> 60
10 <- 20 -> 30
. <- 10 -> .
. <- 30 -> .
50 <- 60 -> 70
. <- 50 -> .
. <- 70 -> .
100 <- 120 -> 140
90 <- 100 -> 110
. <- 90 -> .
. <- 110 -> .
130 <- 140 -> 150
. <- 130 -> .
. <- 150 -> 160
. <- 160 -> .
=================================================
40 <- 80 -> 120
20 <- 40 -> 60
10 <- 20 -> 30
. <- 10 -> .
. <- 30 -> .
50 <- 60 -> 70
. <- 50 -> .
. <- 70 -> .
100 <- 120 -> 140
90 <- 100 -> 110
. <- 90 -> .
. <- 110 -> .
130 <- 140 -> 160
. <- 130 -> .
150 <- 160 -> 170
. <- 150 -> .
. <- 170 -> .
=================================================
40 <- 80 -> 120
20 <- 40 -> 60
10 <- 20 -> 30
. <- 10 -> .
. <- 30 -> .
50 <- 60 -> 70
. <- 50 -> .
. <- 70 -> .
100 <- 120 -> 160
90 <- 100 -> 110
. <- 90 -> .
. <- 110 -> .
140 <- 160 -> 170
130 <- 140 -> 150
. <- 130 -> .
. <- 150 -> .
. <- 170 -> 180
. <- 180 -> .
=================================================
40 <- 80 -> 120
20 <- 40 -> 60
. <- 20 -> 30
. <- 30 -> .
50 <- 60 -> 70
. <- 50 -> .
. <- 70 -> .
100 <- 120 -> 160
90 <- 100 -> 110
. <- 90 -> .
. <- 110 -> .
140 <- 160 -> 170
130 <- 140 -> 150
. <- 130 -> .
. <- 150 -> .
. <- 170 -> 180
. <- 180 -> .
=================================================
40 <- 80 -> 120
30 <- 40 -> 60
. <- 30 -> .
50 <- 60 -> 70
. <- 50 -> .
. <- 70 -> .
100 <- 120 -> 160
90 <- 100 -> 110
. <- 90 -> .
. <- 110 -> .
140 <- 160 -> 170
130 <- 140 -> 150
. <- 130 -> .
. <- 150 -> .
. <- 170 -> 180
. <- 180 -> .
=================================================
50 <- 80 -> 120
40 <- 50 -> 60
. <- 40 -> .
. <- 60 -> 70
. <- 70 -> .
100 <- 120 -> 160
90 <- 100 -> 110
. <- 90 -> .
. <- 110 -> .
140 <- 160 -> 170
130 <- 140 -> 150
. <- 130 -> .
. <- 150 -> .
. <- 170 -> 180
. <- 180 -> .
=================================================
80 <- 120 -> 160
60 <- 80 -> 100
50 <- 60 -> 70
. <- 50 -> .
. <- 70 -> .
90 <- 100 -> 110
. <- 90 -> .
. <- 110 -> .
140 <- 160 -> 170
130 <- 140 -> 150
. <- 130 -> .
. <- 150 -> .
. <- 170 -> 180
. <- 180 -> .
=================================================
80 <- 120 -> 160
60 <- 80 -> 100
. <- 60 -> 70
. <- 70 -> .
90 <- 100 -> 110
. <- 90 -> .
. <- 110 -> .
140 <- 160 -> 170
130 <- 140 -> 150
. <- 130 -> .
. <- 150 -> .
. <- 170 -> 180
. <- 180 -> .
=================================================
80 <- 120 -> 160
70 <- 80 -> 100
. <- 70 -> .
90 <- 100 -> 110
. <- 90 -> .
. <- 110 -> .
140 <- 160 -> 170
130 <- 140 -> 150
. <- 130 -> .
. <- 150 -> .
. <- 170 -> 180
. <- 180 -> .
=================================================
90 <- 120 -> 160
80 <- 90 -> 100
. <- 80 -> .
. <- 100 -> 110
. <- 110 -> .
140 <- 160 -> 170
130 <- 140 -> 150
. <- 130 -> .
. <- 150 -> .
. <- 170 -> 180
. <- 180 -> .
=================================================
100 <- 120 -> 160
90 <- 100 -> 110
. <- 90 -> .
. <- 110 -> .
140 <- 160 -> 170
130 <- 140 -> 150
. <- 130 -> .
. <- 150 -> .
. <- 170 -> 180
. <- 180 -> .
=================================================
100 <- 120 -> 160
. <- 100 -> 110
. <- 110 -> .
140 <- 160 -> 170
130 <- 140 -> 150
. <- 130 -> .
. <- 150 -> .
. <- 170 -> 180
. <- 180 -> .
=================================================
120 <- 140 -> 160
110 <- 120 -> 130
. <- 110 -> .
. <- 130 -> .
150 <- 160 -> 170
. <- 150 -> .
. <- 170 -> 180
. <- 180 -> .
=================================================
120 <- 140 -> 160
. <- 120 -> 130
. <- 130 -> .
150 <- 160 -> 170
. <- 150 -> .
. <- 170 -> 180
. <- 180 -> .
=================================================
140 <- 160 -> 170
130 <- 140 -> 150
. <- 130 -> .
. <- 150 -> .
. <- 170 -> 180
. <- 180 -> .
=================================================
140 <- 160 -> 170
. <- 140 -> 150
. <- 150 -> .
. <- 170 -> 180
. <- 180 -> .
=================================================
150 <- 160 -> 170
. <- 150 -> .
. <- 170 -> 180
. <- 180 -> .
=================================================
160 <- 170 -> 180
. <- 160 -> .
. <- 180 -> .
=================================================
. <- 170 -> 180
. <- 180 -> .
=================================================
. <- 180 -> .
=================================================
=================================================
